760
768
761
765
769
769
774
770
769
758
776
755
776
772
764
743
750
769
768
775
784
782
778
774
783
775
782
780
776
780
771
780
769
765
765
776
771
776
776
757
772
768
755
757
761
769
755
769
769
767
777
761
769
772
770
768
754
776
766
761
766
750
754
771
760
756
769
763
773
767
767
776
753
772
739
756
764
691
753
761
753
749
751
765
761
757
782
781
781
794
777
774
794
774
779
781
766
775
769
769
779
765
767
782
771
780
780
770
763
769
764
770
776
770
772
766
776
775
772
778
784
786
758
763
763
759
762
783
773
775
764
752
765
769
758
774
770
774
769
756
760
764
757
745
770
754
769
754
757
766
772
756
755
753
749
762
779
771
756
752
758
752
765
763
746
762
742
774
765
758
745
760
776
762
775
755
775
751
768
763
754
760
818
804
800
794
797
783
800
796
794
788
791
792
794
796
790
790
791
794
790
785
804
794
798
803
800
785
781
791
798
780
779
791
790
790
785
780
783
791
799
781
791
796
788
787
791
780
782
798
796
782
781
785
798
796
785
780
789
771
776
785
792
774
787
797
771
782
786
779
783
781
775
781
783
766
786
772
776
786
778
786
783
789
774
775
775
786
794
775
796
784
786
790
780
762
783
798
775
775
773
788
783
768
778
770
791
787
771
779
785
780
775
784
784
772
780
792
779
796
781
774
778
783
792
783
781
771
771
788
778
780
785
779
775
789
754
782
775
755
769
783
781
781
783
785
785
779
785
779
789
771
785
778
783
770
794
770
787
779
782
779
772
794
781
788
765
778
789
777
777
781
779
773
790
778
762
775
781
775
791
779
774
777
793
781
779
775
780
780
783
787
773
776
767
766
784
781
783
779
785
769
791
789
787
776
755
778
771
758
776
782
778
773
787
787
774
776
780
787
779
769
772
762
763
778
757
776
772
779
745
734
789
783
765
797
764
694
794
769
780
776
783
745
762
791
798
731
783
783
787
756
774
780
785
790
787
761
786
789
776
728
782
795
775
780
778
783
782
787
782
775
784
780
785
780
775
780
765
772
775
781
763
772
780
760
771
787
776
764
780
782
776
774
774
781
758
774
776
777
776
765
792
762
773
779
762
764
768
787
786
786
778
779
773
765
773
780
780
778
759
783
777
779
764
759
764
776
765
769
769
769
773
785
765
770
772
777
778
774
765
768
768
773
762
765
776
769
765
785
774
780
775
772
764
783
773
772
782
769
772
771
784
763
763
762
767
772
767
769
773
772
772
758
772
761
758
787
768
753
773
786
756
763
771
766
770
772
764
762
769
761
757
765
764
774
769
782
763
761
768
771
754
765
767
757
773
791
760
784
762
761
764
768
780
780
778
771
772
767
774
792
788
769
774
775
776
765
776
769
778
730
769
777
789
795
783
773
782
770
789
769
783
766
776
769
775
760
774
785
757
786
786
754
770
796
778
780
794
784
762
787
776
768
770
776
780
777
782
762
765
780
780
770
777
778
774
784
787
777
777
775
777
787
767
777
777
777
763
779
758
773
776
733
755
766
787
780
787
784
783
770
788
787
767
788
780
783
781
784
722
755
776
779
783
776
780
777
777
781
775
763
771
769
771
765
777
772
770
772
769
761
770
776
780
772
758
772
774
765
781
771
736
764
751
753
772
773
775
765
773
762
766
772
762
762
780
766
772
763
767
765
773
760
776
771
743
766
765
762
779
764
765
725
740
780
780
799
754
785
772
772
791
783
787
789
777
779
769
772
784
785
765
751
789
764
779
775
766
787
765
776
774
780
776
775
765
775
762
773
770
755
782
785
783
778
783
784
780
777
767
770
775
778
772
743
776
777
765
779
760
765
771
770
766
760
770
761
761
761
765
788
742
754
795
750
758
805
738
809
783
751
761
804
743
733
751
751
748
764
711
729
751
753
758
756
704
741
739
748
751
759
752
777
751
765
762
739
746
736
742
747
749
754
757
729
744
774
736
731
762
761
743
755
747
732
756
747
791
753
779
783
682
748
748
758
745
714
748
774
748
732
747
756
696
740
757
728
689
740
731
700
752
758
758
754
736
697
728
728
751
726
754
759
753
718
778
758
738
751
728
759
756
737
756
753
732
748
770
747
749
734
759
745
726
755
694
734
748
746
758
725
754
747
747
758
779
774
796
778
791
781
762
767
721
776
734
798
786
784
783
773
771
729
755
742
743
695
777
658
786
794
791
762
782
785
782
800
791
788
773
801
794
780
805
791
788
692
776
783
770
778
758
782
783
791
782
795
757
795
778
798
786
783
808
769
802
792
787
770
787
798
778
744
722
766
777
763
780
758
794
776
768
792
710
778
794
750
775
779
781
770
798
798
797
791
779
753
776
769
771
783
766
795
781
746
779
782
792
784
781
747
786
772
700
787
781
777
783
750
751
785
775
778
776
796
776
774
783
791
784
783
776
778
776
772
788
774
796
756
789
795
781
780
747
781
787
715
788
783
785
772
792
774
783
772
776
781
795
784
795
780
785
790
705
782
783
784
768
782
788
776
765
781
787
771
778
728
777
781
740
771
779
714
783
788
758
765
772
786
787
779
785
751
790
760
791
774
775
788
774
740
789
777
774
779
792
688
789
771
755
773
747
794
781
773
770
792
772
786
785
779
785
776
772
776
790
777
782
783
787
781
699
767
767
783
771
762
772
771
754
776
772
765
755
780
782
771
785
775
712
776
781
736
783
783
781
775
784
785
795
776
769
775
793
784
790
776
780
770
787
743
775
780
776
776
769
775
779
779
777
779
752
777
780
781
787
746
793
766
790
782
798
782
781
776
771
776
780
788
762
776
777
654
788
781
773
776
782
780
772
789
776
782
793
772
750
783
788
770
786
768
771
774
777
772
780
787
782
765
779
778
778
771
762
780
791
780
773
772
789
674
776
778
791
777
782
767
785
736
780
755
769
779
767
790
777
776
743
793
771
774
768
777
772
764
770
740
785
750
788
769
780
765
773
775
711
764
778
778
790
765
769
776
760
760
742
787
767
758
740
771
773
776
768
770
775
776
768
764
780
767
763
762
784
774
785
779
783
785
765
776
766
776
777
779
773
767
786
764
772
769
737
777
761
760
763
768
766
763
755
760
783
779
772
779
773
774
772
764
756
776
782
776
765
771
776
734
776
754
779
728
769
791
774
782
781
782
795
789
766
783
791
780
796
788
786
778
763
783
772
787
785
762
768
743
778
776
756
762
788
763
776
765
751
777
783
780
769
765
769
774
769
779
768
769
768
748
788
767
769
780
780
774
764
736
778
770
789
766
763
770
770
791
783
768
755
776
775
774
789
783
787
783
780
743
786
749
784
772
783
761
745
788
788
751
730
793
794
739
786
784
777
752
776
780
776
780
749
783
770
780
787
795
780
783
764
777
784
742
774
775
766
772
787
769
689
773
774
773
768
777
770
746
775
781
765
781
765
742
792
745
767
787
769
769
737
760
771
769
765
726
780
770
769
764
775
754
769
780
765
767
761
770
760
757
748
762
756
748
761
734
749
751
749
753
747
764
751
752
753
770
768
756
749
